 0 => 1
 1 => 1
 2 => 2
 3 => 6
 4 => 24
 5 => 120
 6 => 720
 7 => 5,040
 8 => 40,320
 9 => 362,880
10 => 3,628,800
11 => 39,916,800
12 => 479,001,600
13 => 6,227,020,800
14 => 87,178,291,200
15 => 1,307,674,368,000
16 => 20,922,789,888,000
17 => 355,687,428,096,000
18 => 6,402,373,705,728,000
19 => 121,645,100,408,832,000
20 => 2,432,902,008,176,640,000
21 => 51,090,942,171,709,440,000
22 => 1,124,000,727,777,607,680,000
23 => 25,852,016,738,884,976,640,000
24 => 620,448,401,733,239,439,360,000
25 => 15,511,210,043,330,985,984,000,000
26 => 403,291,461,126,605,635,584,000,000
27 => 10,888,869,450,418,352,160,768,000,000
28 => 304,888,344,611,713,860,501,504,000,000
29 => 8,841,761,993,739,701,954,543,616,000,000
30 => 265,252,859,812,191,058,636,308,480,000,000
31 => 8,222,838,654,177,922,817,725,562,880,000,000
32 => 263,130,836,933,693,530,167,218,012,160,000,000
33 => 8,683,317,618,811,886,495,518,194,401,280,000,000
34 => 295,232,799,039,604,140,847,618,609,643,520,000,000
35 => 10,333,147,966,386,144,929,666,651,337,523,200,000,000
36 => 371,993,326,789,901,217,467,999,448,150,835,200,000,000
37 => 13,763,753,091,226,345,046,315,979,581,580,902,400,000,000
38 => 523,022,617,466,601,111,760,007,224,100,074,291,200,000,000
39 => 20,397,882,081,197,443,358,640,281,739,902,897,356,800,000,000
40 => 815,915,283,247,897,734,345,611,269,596,115,894,272,000,000,000
41 => 33,452,526,613,163,807,108,170,062,053,440,751,665,152,000,000,000
42 => 1,405,006,117,752,879,898,543,142,606,244,511,569,936,384,000,000,000
43 => 60,415,263,063,373,835,637,355,132,068,513,997,507,264,512,000,000,000
44 => 2,658,271,574,788,448,768,043,625,811,014,615,890,319,638,528,000,000,000
45 => 119,622,220,865,480,194,561,963,161,495,657,715,064,383,733,760,000,000,000
46 => 5,502,622,159,812,088,949,850,305,428,800,254,892,961,651,752,960,000,000,000
47 => 258,623,241,511,168,180,642,964,355,153,611,979,969,197,632,389,120,000,000,000
48 => 12,413,915,592,536,072,670,862,289,047,373,375,038,521,486,354,677,760,000,000,000
49 => 608,281,864,034,267,560,872,252,163,321,295,376,887,552,831,379,210,240,000,000,000
50 => 30,414,093,201,713,378,043,612,608,166,064,768,844,377,641,568,960,512,000,000,000,000
51 => 1,551,118,753,287,382,280,224,243,016,469,303,211,063,259,720,016,986,112,000,000,000,000
52 => 80,658,175,170,943,878,571,660,636,856,403,766,975,289,505,440,883,277,824,000,000,000,000
53 => 4,274,883,284,060,025,564,298,013,753,389,399,649,690,343,788,366,813,724,672,000,000,000,000
54 => 230,843,697,339,241,380,472,092,742,683,027,581,083,278,564,571,807,941,132,288,000,000,000,000
55 => 12,696,403,353,658,275,925,965,100,847,566,516,959,580,321,051,449,436,762,275,840,000,000,000,000
56 => 710,998,587,804,863,451,854,045,647,463,724,949,736,497,978,881,168,458,687,447,040,000,000,000,000
57 => 40,526,919,504,877,216,755,680,601,905,432,322,134,980,384,796,226,602,145,184,481,280,000,000,000,000
58 => 2,350,561,331,282,878,571,829,474,910,515,074,683,828,862,318,181,142,924,420,699,914,240,000,000,000,000
59 => 138,683,118,545,689,835,737,939,019,720,389,406,345,902,876,772,687,432,540,821,294,940,160,000,000,000,000
60 => 8,320,987,112,741,390,144,276,341,183,223,364,380,754,172,606,361,245,952,449,277,696,409,600,000,000,000,000
61 => 507,580,213,877,224,798,800,856,812,176,625,227,226,004,528,988,036,003,099,405,939,480,985,600,000,000,000,000
62 => 31,469,973,260,387,937,525,653,122,354,950,764,088,012,280,797,258,232,192,163,168,247,821,107,200,000,000,000,000
63 => 1,982,608,315,404,440,064,116,146,708,361,898,137,544,773,690,227,268,628,106,279,599,612,729,753,600,000,000,000,000
64 => 126,886,932,185,884,164,103,433,389,335,161,480,802,865,516,174,545,192,198,801,894,375,214,704,230,400,000,000,000,000